#if 0
//
// Generated by Microsoft (R) HLSL Shader Compiler 10.1
//
//
// Resource Bindings:
//
// Name                                 Type  Format         Dim      HLSL Bind  Count
// ------------------------------ ---------- ------- ----------- -------------- ------
// rgb24Texture                      texture   unorm          2d             t0      1 
// rgba32Texture                         UAV  unorm4          2d             u0      1 
//
//
//
// Input signature:
//
// Name                 Index   Mask Register SysValue  Format   Used
// -------------------- ----- ------ -------- -------- ------- ------
// no Input
//
// Output signature:
//
// Name                 Index   Mask Register SysValue  Format   Used
// -------------------- ----- ------ -------- -------- ------- ------
// no Output
cs_5_0
dcl_globalFlags refactoringAllowed
dcl_resource_texture2d (unorm,unorm,unorm,unorm) t0
dcl_uav_typed_texture2d (unorm,unorm,unorm,unorm) u0
dcl_input vThreadID.xy
dcl_temps 2
dcl_thread_group 1, 1, 1
imul null, r0.x, vThreadID.x, l(3)
mov r0.z, vThreadID.y
mov r0.yw, l(0,0,0,0)
ld_indexable(texture2d)(unorm,unorm,unorm,unorm) r1.x, r0.xzyw, t0.xyzw
mov r1.w, l(1.000000)
imad r0.xy, vThreadID.xxxx, l(3, 3, 0, 0), l(1, 2, 0, 0)
ld_indexable(texture2d)(unorm,unorm,unorm,unorm) r1.y, r0.xzww, t0.yxzw
ld_indexable(texture2d)(unorm,unorm,unorm,unorm) r1.z, r0.yzww, t0.yzxw
store_uav_typed u0.xyzw, vThreadID.xyyy, r1.xyzw
ret 
// Approximately 10 instruction slots used
#endif

const BYTE CsRgb24ToRgba32[] =
{
     68,  88,  66,  67,   8, 230, 
    218, 189,  35,  39,  25, 208, 
    179, 135, 179, 166, 160,  44, 
    191,  97,   1,   0,   0,   0, 
     44,   3,   0,   0,   5,   0, 
      0,   0,  52,   0,   0,   0, 
    252,   0,   0,   0,  12,   1, 
      0,   0,  28,   1,   0,   0, 
    144,   2,   0,   0,  82,  68, 
     69,  70, 192,   0,   0,   0, 
      0,   0,   0,   0,   0,   0, 
      0,   0,   2,   0,   0,   0, 
     60,   0,   0,   0,   0,   5, 
     83,  67,   0,   1,   0,   0, 
    151,   0,   0,   0,  82,  68, 
     49,  49,  60,   0,   0,   0, 
     24,   0,   0,   0,  32,   0, 
      0,   0,  40,   0,   0,   0, 
     36,   0,   0,   0,  12,   0, 
      0,   0,   0,   0,   0,   0, 
    124,   0,   0,   0,   2,   0, 
      0,   0,   1,   0,   0,   0, 
      4,   0,   0,   0, 255, 255, 
    255, 255,   0,   0,   0,   0, 
      1,   0,   0,   0,   0,   0, 
      0,   0, 137,   0,   0,   0, 
      4,   0,   0,   0,   1,   0, 
      0,   0,   4,   0,   0,   0, 
    255, 255, 255, 255,   0,   0, 
      0,   0,   1,   0,   0,   0, 
     12,   0,   0,   0, 114, 103, 
     98,  50,  52,  84, 101, 120, 
    116, 117, 114, 101,   0, 114, 
    103,  98,  97,  51,  50,  84, 
    101, 120, 116, 117, 114, 101, 
      0,  77, 105,  99, 114, 111, 
    115, 111, 102, 116,  32,  40, 
     82,  41,  32,  72,  76,  83, 
     76,  32,  83, 104,  97, 100, 
    101, 114,  32,  67, 111, 109, 
    112, 105, 108, 101, 114,  32, 
     49,  48,  46,  49,   0, 171, 
     73,  83,  71,  78,   8,   0, 
      0,   0,   0,   0,   0,   0, 
      8,   0,   0,   0,  79,  83, 
     71,  78,   8,   0,   0,   0, 
      0,   0,   0,   0,   8,   0, 
      0,   0,  83,  72,  69,  88, 
    108,   1,   0,   0,  80,   0, 
      5,   0,  91,   0,   0,   0, 
    106,   8,   0,   1,  88,  24, 
      0,   4,   0, 112,  16,   0, 
      0,   0,   0,   0,  17,  17, 
      0,   0, 156,  24,   0,   4, 
      0, 224,  17,   0,   0,   0, 
      0,   0,  17,  17,   0,   0, 
     95,   0,   0,   2,  50,   0, 
      2,   0, 104,   0,   0,   2, 
      2,   0,   0,   0, 155,   0, 
      0,   4,   1,   0,   0,   0, 
      1,   0,   0,   0,   1,   0, 
      0,   0,  38,   0,   0,   7, 
      0, 208,   0,   0,  18,   0, 
     16,   0,   0,   0,   0,   0, 
     10,   0,   2,   0,   1,  64, 
      0,   0,   3,   0,   0,   0, 
     54,   0,   0,   4,  66,   0, 
     16,   0,   0,   0,   0,   0, 
     26,   0,   2,   0,  54,   0, 
      0,   8, 162,   0,  16,   0, 
      0,   0,   0,   0,   2,  64, 
      0,   0,   0,   0,   0,   0, 
      0,   0,   0,   0,   0,   0, 
      0,   0,   0,   0,   0,   0, 
     45,   0,   0, 137, 194,   0, 
      0, 128,  67,  68,   4,   0, 
     18,   0,  16,   0,   1,   0, 
      0,   0, 134,  13,  16,   0, 
      0,   0,   0,   0,  70, 126, 
     16,   0,   0,   0,   0,   0, 
     54,   0,   0,   5, 130,   0, 
     16,   0,   1,   0,   0,   0, 
      1,  64,   0,   0,   0,   0, 
    128,  63,  35,   0,   0,  14, 
     50,   0,  16,   0,   0,   0, 
      0,   0,   6,   0,   2,   0, 
      2,  64,   0,   0,   3,   0, 
      0,   0,   3,   0,   0,   0, 
      0,   0,   0,   0,   0,   0, 
      0,   0,   2,  64,   0,   0, 
      1,   0,   0,   0,   2,   0, 
      0,   0,   0,   0,   0,   0, 
      0,   0,   0,   0,  45,   0, 
      0, 137, 194,   0,   0, 128, 
     67,  68,   4,   0,  34,   0, 
     16,   0,   1,   0,   0,   0, 
    134,  15,  16,   0,   0,   0, 
      0,   0,  22, 126,  16,   0, 
      0,   0,   0,   0,  45,   0, 
      0, 137, 194,   0,   0, 128, 
     67,  68,   4,   0,  66,   0, 
     16,   0,   1,   0,   0,   0, 
    150,  15,  16,   0,   0,   0, 
      0,   0, 150, 124,  16,   0, 
      0,   0,   0,   0, 164,   0, 
      0,   6, 242, 224,  17,   0, 
      0,   0,   0,   0,  70,   5, 
      2,   0,  70,  14,  16,   0, 
      1,   0,   0,   0,  62,   0, 
      0,   1,  83,  84,  65,  84, 
    148,   0,   0,   0,  10,   0, 
      0,   0,   2,   0,   0,   0, 
      0,   0,   0,   0,   1,   0, 
      0,   0,   0,   0,   0,   0, 
      2,   0,   0,   0,   0,   0, 
      0,   0,   1,   0,   0,   0, 
      0,   0,   0,   0,   0,   0, 
      0,   0,   0,   0,   0,   0, 
      0,   0,   0,   0,   0,   0, 
      0,   0,   0,   0,   0,   0, 
      0,   0,   0,   0,   3,   0, 
      0,   0,   0,   0,   0,   0, 
      0,   0,   0,   0,   0,   0, 
      0,   0,   3,   0,   0,   0, 
      0,   0,   0,   0,   0,   0, 
      0,   0,   0,   0,   0,   0, 
      0,   0,   0,   0,   0,   0, 
      0,   0,   0,   0,   0,   0, 
      0,   0,   0,   0,   0,   0, 
      0,   0,   0,   0,   0,   0, 
      0,   0,   0,   0,   0,   0, 
      0,   0,   0,   0,   0,   0, 
      0,   0,   0,   0,   0,   0, 
      0,   0,   0,   0,   0,   0, 
      0,   0,   0,   0,   1,   0, 
      0,   0
};
